image_width: 320
image_height: 240
camera_name: narrow_stereo
camera_matrix:
  rows: 3
  cols: 3
  data: [313.447671, 0.000000, 160.217717, 0.000000, 313.435035, 117.002025, 0.000000, 0.000000, 1.000000]
distortion_model: plumb_bob
distortion_coefficients:
  rows: 1
  cols: 5
  data: [0.087903, -0.445926, 0.003031, -0.001420, 0.000000]
rectification_matrix:
  rows: 3
  cols: 3
  data: [1.000000, 0.000000, 0.000000, 0.000000, 1.000000, 0.000000, 0.000000, 0.000000, 1.000000]
projection_matrix:
  rows: 3
  cols: 4
  data: [310.956940, 0.000000, 159.852533, 0.000000, 0.000000, 314.523499, 117.384884, 0.000000, 0.000000, 0.000000, 1.000000, 0.000000]
